6933187 3413461 16796145 
4052083 25469360 1859313 41605751 
36884734 37668051 
8712648 10546281 39516273 1713771 
9910230 1973936 
36896974 36884734 
38323989 7231824 9392516 
18455395 7229308 
7797353 13240410 
27567217 12478758 2602696 
25136234 17988004 
3008534 8523128 7189445 32268781 
2214755 2439551 5118684 7858411 8877748 
7071057 39039389 7240771 
10930550 2873788 2025590 10913201 38056237 
8732693 24568190 
12834164 3146823 6766223 144872 5700003 
16299502 16359666 5522575 12919424 
2701651 31193099 
16534833 12389066 36149899 
7240771 7071057 
14345426 14405062 
35876221 1389285 5482356 42808201 
25846488 16163964 
30842865 34967111 
5470700 12709424 25873131 12951505 
3458824 12602982 6540390 48335574 
11021260 10952415 11018446 16901331 
40840291 5290812 
16048916 7116048 
22229718 18260990 35440000 
7155294 13744488 9046716 42169612 
22399759 8905638 
29309102 34706132 
37045750 1201768 16636320 16901331 
40857481 5048852 33946478 34157849 17965966 
25772655 9214682 6844759 
35874276 10274357 10175096 11870416 42131738 8551604 9910230 
7252870 7205742 18651804 
5827627 11996006 13241497 38180751 
19163045 2677704 13911545 
35266855 20097308 
14639913 14767577 
22323486 15190048 20249765 
22498983 13094063 23079871 31083392 
8120456 6646193 6843213 7303905 9046716 13625740 13744488 19171647 42338380
37946879 33593649 13911545 
7231824 8048652 
24607138 14639913 40191420 42609874 
19502401 6076133 1895233 5290812 
17965966 7076305 20222511 
10948998 10913201 4132749 5563845 10562565 
23626589 7419476 23176784 15483477 
21160297 24982920 
17444501 1166541 20693249 22816323 
9175018 4968852 35696066 43887659 
12919424 16299502 16359666 6540390 6945929 13844489 
12478758 12532708 18260990 13911545 12629215 
31980991 15688496 12949846 14458402 
31919648 5788092 7306901 
40484638 13560964 
21401573 31394113 7273642 
15141434 10892958 12951505 21260302 24555380 29895005 
31011608 3675972 23632730 
10347674 35631087 22447540 38576235 22784784 18466011 
13217759 42131738 10175096 27504161 42131738 
34474437 31637653 
35851113 5522575 6844759 5367222 
8707752 6766223 7155294 26631699 42260818 
24539445 13240410 
22061692 13727474 
22597446 43177644 
9767201 15688496 35440000 
8269730 45155082 
32837123 32849061 30759647 
32862913 11870416 34612876 43698071 
10084723 27784320 
6978700 6604211 6933187 
20615173 11778836 16091206 19515882 43639083 45327114 
23990146 6291045 
6945929 6797012 3003373 6604211 1201768 6540390 8995212 44134722 
10454269 4431749 
37205161 36781880 
16359666 16299502 12919424 
16168815 18917150 14639913 
12210755 5522575 11693929 11869704 
1153836 1166541 11018446 18260990 
20095939 13217658 
7999587 22026781 
12928205 12478758 10026588 
10767853 2214755 32767933 
5281218 5386208 
25832566 2780493 
38576235 10347674 
24463785 24470026 
16796145 7904667 11021260 13917167 29406454 43639083 
16295573 11736419 26267378 28557851 
36945656 8925975 
18492137 2721536 18567106 19028908 
9321693 4407735 8523128 11985084 
