1878758 14435232 4489033 14435232 45877199
968504 10122943 29891589 3545684
840984 899542 14554850 548191 12601757 15127471 22138696 23382234
1361213 5515087 3710941
2763038 2763112
2391758 12461123 5260643 5898977 12461123
3505875 10784855
2821903 4167735 2924089 12902490 19164901 41965244
1211690 1355914 8233381 20652797
3249493 7490022 10880976 11972643 21258531
2111117 2266640
728877 977271 3612484 10786082 12165488 34529261
1760211 3636005 8516228
1760576 7595769
1877362 1837161
3615452 193624
3295834 32998299 11045196
342966 346014 739165 42291516
3029570 2032813
650643 14065663 4105008 4588511
465118 10570980 16876033
343002 850897 5643208 6979605 1088558 13789239 23014175 36430214
450547 3468422 20485320
2981376 5531243 1293368 295579 2742101 5531243 27703590 27918276
1158139 4723135 1496872
3372451 272427 20758654
893436 13725861
708395 25798832
363809 66041
2555074 44145773 8464923 11142221 38008162 44397708
1323860 2539576 19996228 46304893
1094041 1108634 3721020 5378728 5429950 34422512
2634873 2438000 6292609
2638200 7846305 29103144
2295139 662961 2311724
1275722 14858874
2208839 3978920 2409870 3035805 12920769 44100295
1242333 10213002
1143672 387 16784938
553404 10971261 9034048
2402933 4489040 18870181 23201426
1893373 8285975 18189575
3347112 4612558
2589086 2896630 7490022 9373834 11241126 14096393 39898112 49553970
2837642 10726171
3251245 10155879 44377969
3458221 2520479
850020 8710619
850897 343002 7011438 10476736 27851113 36430214
1226410 29671458
193624 41813610
2296205 18959966 28075640 9103495
342937 551724 5021084 5151504 31027638 27907858 46304893
673887 1293368
2059631 4620210 12586585 26423045 26935860 48702782
1190699 120180 43329521
1301794 21970462
769367 1893373
2796660 4620210 26423045 46188533
963781 15589186
1752301 32741557 27484326 3619784 5859561 9918638
1384756 668441 9461937
1472724 708075
3604771 2825597
431556 7011438 977271 31684726
1186790 15170097
15979 4238609 8532
376585 2328352 5285996 26400842
2732987 2732290 4077021 2738822 17839053 20075894
551724 342937 16954535 11124387 16954535
19014 4214575 3612484 1958335 41414738 34073714 15225094
2942114 3035831
263081 601928
1582377 49752766
497609 6993275
2871558 16978431 3986220 8237714 20148899
2311845 7211798 6489864 14211974 29978910 4334687
351176 18712222 6089441
2487736 6125495 41944961 22471441 30881355 31230125 34748151 41916518 41944961
2144080 3493499 7781249
3307890 468279 20142716 9175602 22327849 21105971
196509 8603806 25144779
2511879 2683752 8285975
667389 4167735 7381339 20686308 20575254 5010595 2924089 47321816
377083 5233749 6257489 41879014 26031299 48515198
2116832 16324046
626645 1984331 25077043 32210708
3000694 6035998 15962733
2001400 1846343 36593134
3239198 3257279 11664957 4711268 17125836
33956 1901567 7255696 4145889 39245125 7951160 363681 6841333 7951160 17570768 24019531 33179596
3456945 7864259 18955723 13500066 20977603 32713574
605899 5484965
3547779 9842886 26976428 44599917
1580327 4851020 35044182
1348871 41596024
1093817 40366098
400911 47603515
2034815 43621672
401754 14627525 6514390 15728569 45836372
45002 8517 9632602 13752403 14931788 28565090 35969535 37697514
8517 14931788 45874420
82151 653229 3978920 21683752 28069794 3332538 8604711 10339704
120180 12562276 24968697 1190699 605899 18904519 5256278
8532 614758 2414565
42575 1108634
66041 363809 22138696 43928419
119994 668441 4824903 3912253 29631337 32269632 39889291
63896 1419882 13268552 1001003 5483903 25531281 48889407
65406 13584097 11344086 26045522
152127 739165 568057