281945 4452674 7649915 16220215 
319438 19507603 49349294 
527140 861877 29698034 
597566 10042881 46059578 
610466 1411157 
621323 14958732 25092460 28024502 47387224 
624888 14980717 43522681 
759856 16181674 
828721 2339238 39667614 46071140 
848212 5889639 9686891 18643867 
861877 3148535 35573013 
1010673 41715100 48443001 
1072561 35438620 
1102784 24203087 35882270 46802369 
1180110 45010707 
1204382 29771477 38613972 
1499739 7334855 25311302 46071140 
1637522 16261011 18578111 29652228 41983909 
1825321 6530191 20921561 
1834971 12382024 42999923 26082978 24836693 
1859454 3853302 33693186 45594643 
2093777 7334855 12286237 43212386 
2159635 19607900 30509497 47983742 
2180293 16033312 27482766 
2194284 36071772 45909492 
2229490 3354092 38913412 
2275757 25673851 34664899 
2281221 11780348 
2339238 828721 31743851 
2469742 10405557 13048981 
2506375 19390215 
2514343 39160391 49132739 
2564369 17929327 28138022 
2609301 1204382 25994772 27741124 
2645566 8217438 12276745 
2655833 643782 
2687522 11799972 33161979 43973460 
2781531 19239980 38168335 41439591 
2785719 25311302 25766839 
2849809 29791287 45580007 34897091 48533461 
2922692 28827054 
3042694 13318724 
3114220 11087782 37343722 38588154 43139748 
3148535 861877 
3185841 3167029 8417315 
3192906 29622630 30895461 
3333021 5889639 6992104 31903539 
3352116 18732808 
3354092 2229490 38913412 39636138 49116931 
3391968 1102784 3410623 22268898 24203087 36655390 
3410623 3391968 22268898 24203087 36655390 46802369 
3471472 43973460 
3604799 1492738 10042881 
3618763 2922692 14866466 
3651305 5619086 
3656176 21635360 
3671719 11517705 
3677925 11846398 21941345 48771689 
3819633 38182561 
3853302 17556108 28410288 
3904800 2785719 
3941453 48287114 48362411 
4183708 17510112 22992758 40767333 
4209553 29572358 
4305231 25402781 
4655501 11573993 12581531 37922319 
4748564 36147202 
4865063 20688851 40320849 
4870624 12658784 
4883089 40813963 43566772 
4897766 13020658 9273122 33887699 14334008 37131556 
4929646 10405557 37774918 
5008572 42114426 
5065859 34229480 
5166113 44216409 
5214950 11799972 33161979 
5350161 27634991 
5457771 33345813 
5459852 5466579 
5465607 49253199 
5466579 5794659 46467603 
5509017 16325983 44389226 
5578535 4929646 
5619086 3651305 5785724 14516932 24927438 
5699936 8529785 
5712659 45460630 
5716664 3941453 15219021 36208881 39418617 48322085 
5720049 3397113 13930668 29759382 
5747034 13423952 21213074 29230845 31400541 32400179 35078505 48322085 
5785724 12480934 38539379 
5794659 11257595 14314620 42440227 
5803529 6350708 7400096 11601412 
5889639 848212 6992104 41922017 
5911766 12405725 
5945959 3941453 
5992536 34246083 
6004379 12938509 35452942 
6030256 2229490 3354092 10123903 38913412 39636138 49116931 
6060541 17826401 18732808 
6069847 37335 47883448 
6145473 15757243 
6201585 11573993 20896517 
6239178 7086750 13453669 
6284302 30313666 48287392 
6350708 5803529 7400096 21558830 
6442759 20471770 
6464919 16778777 20688851 23568253 27875621 34423527 38969978 47751690 49483042 
6467751 9431089 11257595 18992496 21261830 43319789 
6469693 22448220 
6508203 30125465 
6510012 35072739 
6677326 34091782 
6717421 25323698 
6830535 44982652 
6833019 22268898 
6836386 3983041 
6870716 11577274 22618770 29061248 
6992104 848212 5889639 13090313 
7088252 38588154 
7152950 37335 
